# manually written dipole scattering amplitude S=1-N
# sqrt(s) = 319 GeV like in the real data
# x fixed, s fixed -> y = Q^2/(s*x) calculated
# r in (1e-6, 30), logarithmic step size # pr_r*=std::pow((nlodis_config::MAXR/nlodis_config::MINR),1/500.)
          # xbj               r        S(r,xbj)
          0.001           1e-06               1
          0.001     1.03503e-06               1
          0.001     1.07129e-06               1
          0.001     1.10882e-06               1
          0.001     1.14767e-06               1
          0.001     1.18788e-06               1
          0.001     1.22949e-06               1
          0.001     1.27256e-06               1
          0.001     1.31715e-06               1
          0.001     1.36329e-06               1
          0.001     1.41105e-06               1
          0.001     1.46048e-06               1
          0.001     1.51165e-06               1
          0.001     1.56461e-06               1
          0.001     1.61942e-06               1
          0.001     1.67615e-06               1
          0.001     1.73487e-06               1
          0.001     1.79565e-06               1
          0.001     1.85856e-06               1
          0.001     1.92367e-06               1
          0.001     1.99106e-06               1
          0.001     2.06082e-06               1
          0.001     2.13301e-06               1
          0.001     2.20774e-06               1
          0.001     2.28508e-06               1
          0.001     2.36514e-06               1
          0.001     2.44799e-06               1
          0.001     2.53375e-06               1
          0.001     2.62252e-06               1
          0.001     2.71439e-06               1
          0.001     2.80949e-06               1
          0.001     2.90791e-06               1
          0.001     3.00979e-06               1
          0.001     3.11523e-06               1
          0.001     3.22437e-06               1
          0.001     3.33732e-06               1
          0.001     3.45424e-06               1
          0.001     3.57525e-06               1
          0.001     3.70051e-06               1
          0.001     3.83015e-06               1
          0.001     3.96433e-06               1
          0.001     4.10321e-06               1
          0.001     4.24696e-06               1
          0.001     4.39574e-06               1
          0.001     4.54974e-06               1
          0.001     4.70913e-06               1
          0.001     4.87411e-06               1
          0.001     5.04486e-06               1
          0.001      5.2216e-06               1
          0.001     5.40453e-06               1
          0.001     5.59387e-06               1
          0.001     5.78984e-06               1
          0.001     5.99267e-06               1
          0.001     6.20262e-06               1
          0.001     6.41991e-06               1
          0.001     6.64482e-06               1
          0.001     6.87761e-06               1
          0.001     7.11855e-06               1
          0.001     7.36794e-06               1
          0.001     7.62606e-06               1
          0.001     7.89323e-06               1
          0.001     8.16975e-06               1
          0.001     8.45596e-06               1
          0.001      8.7522e-06               1
          0.001     9.05882e-06               1
          0.001     9.37618e-06               1
          0.001     9.70465e-06               1
          0.001     1.00446e-05               1
          0.001     1.03965e-05               1
          0.001     1.07608e-05               1
          0.001     1.11377e-05               1
          0.001     1.15279e-05               1
          0.001     1.19318e-05               1
          0.001     1.23498e-05               1
          0.001     1.27824e-05               1
          0.001     1.32303e-05               1
          0.001     1.36938e-05               1
          0.001     1.41735e-05               1
          0.001       1.467e-05               1
          0.001      1.5184e-05               1
          0.001     1.57159e-05               1
          0.001     1.62665e-05               1
          0.001     1.68363e-05               1
          0.001     1.74262e-05               1
          0.001     1.80367e-05               1
          0.001     1.86686e-05               1
          0.001     1.93226e-05               1
          0.001     1.99995e-05               1
          0.001     2.07001e-05               1
          0.001     2.14253e-05               1
          0.001     2.21759e-05               1
          0.001     2.29528e-05               1
          0.001     2.37569e-05               1
          0.001     2.45892e-05               1
          0.001     2.54506e-05               1
          0.001     2.63423e-05               1
          0.001     2.72651e-05               1
          0.001     2.82203e-05               1
          0.001     2.92089e-05               1
          0.001     3.02322e-05               1
          0.001     3.12913e-05               1
          0.001     3.23876e-05               1
          0.001     3.35222e-05               1
          0.001     3.46966e-05               1
          0.001     3.59121e-05               1
          0.001     3.71702e-05               1
          0.001     3.84724e-05               1
          0.001     3.98202e-05               1
          0.001     4.12153e-05               1
          0.001     4.26592e-05               1
          0.001     4.41537e-05               1
          0.001     4.57005e-05               1
          0.001     4.73015e-05               1
          0.001     4.89586e-05               1
          0.001     5.06738e-05               1
          0.001     5.24491e-05               1
          0.001     5.42865e-05               1
          0.001     5.61884e-05               1
          0.001     5.81568e-05               1
          0.001     6.01942e-05               1
          0.001      6.2303e-05               1
          0.001     6.44857e-05               1
          0.001     6.67448e-05               1
          0.001     6.90831e-05               1
          0.001     7.15033e-05               1
          0.001     7.40083e-05               1
          0.001      7.6601e-05               1
          0.001     7.92846e-05               1
          0.001     8.20622e-05               1
          0.001     8.49371e-05               1
          0.001     8.79127e-05               1
          0.001     9.09925e-05               1
          0.001     9.41803e-05               1
          0.001     9.74797e-05               1
          0.001     0.000100895               1
          0.001     0.000104429               1
          0.001     0.000108088               1
          0.001     0.000111875               1
          0.001     0.000115794               1
          0.001      0.00011985               1
          0.001     0.000124049               1
          0.001     0.000128395               1
          0.001     0.000132893               1
          0.001     0.000137549               1
          0.001     0.000142368               1
          0.001     0.000147355               1
          0.001     0.000152517               1
          0.001     0.000157861               1
          0.001     0.000163391               1
          0.001     0.000169115               1
          0.001      0.00017504               1
          0.001     0.000181172               1
          0.001     0.000187519               1
          0.001     0.000194088               1
          0.001     0.000200888               1
          0.001     0.000207925               1
          0.001      0.00021521               1
          0.001     0.000222749               1
          0.001     0.000230553               1
          0.001      0.00023863               1
          0.001      0.00024699               1
          0.001     0.000255642               1
          0.001     0.000264598               1
          0.001     0.000273868               1
          0.001     0.000283463               1
          0.001     0.000293393               1
          0.001     0.000303672               1
          0.001      0.00031431               1
          0.001     0.000325321               1
          0.001     0.000336719               1
          0.001     0.000348515               1
          0.001     0.000360724               1
          0.001     0.000373362               1
          0.001     0.000386442               1
          0.001      0.00039998               1
          0.001     0.000413992               1
          0.001     0.000428496               1
          0.001     0.000443507               1
          0.001     0.000459045               1
          0.001     0.000475127               1
          0.001     0.000491772               1
          0.001        0.000509               1
          0.001     0.000526832               1
          0.001     0.000545289               1
          0.001     0.000564392               1
          0.001     0.000584164               1
          0.001     0.000604629               1
          0.001     0.000625811               1
          0.001     0.000647735               1
          0.001     0.000670428               1
          0.001     0.000693915               1
          0.001     0.000718225               1
          0.001     0.000743386               1
          0.001     0.000769429               1
          0.001     0.000796385               1
          0.001     0.000824285               1
          0.001     0.000853162               1
          0.001     0.000883051               1
          0.001     0.000913987        0.999999
          0.001     0.000946007        0.999999
          0.001     0.000979148        0.999999
          0.001      0.00101345        0.999999
          0.001      0.00104896        0.999999
          0.001       0.0010857        0.999999
          0.001      0.00112374        0.999999
          0.001      0.00116311        0.999999
          0.001      0.00120385        0.999999
          0.001      0.00124603        0.999999
          0.001      0.00128968        0.999999
          0.001      0.00133486        0.999999
          0.001      0.00138163        0.999999
          0.001      0.00143003        0.999999
          0.001      0.00148013        0.999999
          0.001      0.00153198        0.999999
          0.001      0.00158565        0.999999
          0.001       0.0016412        0.999998
          0.001       0.0016987        0.999998
          0.001      0.00175821        0.999998
          0.001      0.00181981        0.999998
          0.001      0.00188356        0.999998
          0.001      0.00194955        0.999998
          0.001      0.00201784        0.999998
          0.001      0.00208854        0.999998
          0.001       0.0021617        0.999997
          0.001      0.00223743        0.999997
          0.001      0.00231582        0.999997
          0.001      0.00239695        0.999997
          0.001      0.00248092        0.999997
          0.001      0.00256784        0.999996
          0.001       0.0026578        0.999996
          0.001      0.00275091        0.999996
          0.001      0.00284728        0.999996
          0.001      0.00294703        0.999995
          0.001      0.00305027        0.999995
          0.001      0.00315713        0.999995
          0.001      0.00326774        0.999995
          0.001      0.00338222        0.999994
          0.001       0.0035007        0.999994
          0.001      0.00362335        0.999993
          0.001      0.00375028        0.999993
          0.001      0.00388167        0.999993
          0.001      0.00401765        0.999992
          0.001       0.0041584        0.999992
          0.001      0.00430409        0.999991
          0.001      0.00445487         0.99999
          0.001      0.00461094         0.99999
          0.001      0.00477247        0.999989
          0.001      0.00493967        0.999988
          0.001      0.00511272        0.999988
          0.001      0.00529184        0.999987
          0.001      0.00547723        0.999986
          0.001      0.00566911        0.999985
          0.001      0.00586772        0.999984
          0.001      0.00607328        0.999983
          0.001      0.00628605        0.999982
          0.001      0.00650627        0.999981
          0.001       0.0067342         0.99998
          0.001      0.00697012        0.999978
          0.001      0.00721431        0.999977
          0.001      0.00746705        0.999976
          0.001      0.00772864        0.999974
          0.001       0.0079994        0.999972
          0.001      0.00827964        0.999971
          0.001       0.0085697        0.999969
          0.001      0.00886993        0.999967
          0.001      0.00918067        0.999965
          0.001      0.00950229        0.999962
          0.001      0.00983519         0.99996
          0.001       0.0101797        0.999957
          0.001       0.0105364        0.999955
          0.001       0.0109055        0.999952
          0.001       0.0112876        0.999949
          0.001        0.011683        0.999945
          0.001       0.0120923        0.999942
          0.001       0.0125159        0.999938
          0.001       0.0129544        0.999935
          0.001       0.0134082         0.99993
          0.001       0.0138779        0.999926
          0.001       0.0143641        0.999921
          0.001       0.0148674        0.999916
          0.001       0.0153882        0.999911
          0.001       0.0159273        0.999905
          0.001       0.0164853        0.999899
          0.001       0.0170628        0.999893
          0.001       0.0176606        0.999886
          0.001       0.0182793        0.999879
          0.001       0.0189197        0.999871
          0.001       0.0195825        0.999863
          0.001       0.0202685        0.999854
          0.001       0.0209786        0.999845
          0.001       0.0217135        0.999836
          0.001       0.0224742        0.999825
          0.001       0.0232616        0.999814
          0.001       0.0240765        0.999803
          0.001         0.02492         0.99979
          0.001        0.025793        0.999778
          0.001       0.0266966        0.999763
          0.001       0.0276319        0.999748
          0.001       0.0285999        0.999733
          0.001       0.0296018        0.999716
          0.001       0.0306389        0.999699
          0.001       0.0317122         0.99968
          0.001       0.0328232        0.999659
          0.001       0.0339731        0.999638
          0.001       0.0351633        0.999616
          0.001       0.0363952        0.999594
          0.001       0.0376702        0.999567
          0.001       0.0389899         0.99954
          0.001       0.0403559        0.999511
          0.001       0.0417697        0.999482
          0.001        0.043233        0.999452
          0.001       0.0447476        0.999416
          0.001       0.0463152        0.999379
          0.001       0.0479378        0.999341
          0.001       0.0496172        0.999302
          0.001       0.0513554        0.999261
          0.001       0.0531546        0.999213
          0.001       0.0550167        0.999164
          0.001       0.0569442        0.999112
          0.001       0.0589391        0.999059
          0.001       0.0610039        0.999005
          0.001       0.0631411        0.998941
          0.001       0.0653531        0.998875
          0.001       0.0676426        0.998806
          0.001       0.0700123        0.998736
          0.001       0.0724651        0.998662
          0.001       0.0750038        0.998577
          0.001       0.0776314        0.998489
          0.001        0.080351        0.998398
          0.001        0.083166        0.998303
          0.001       0.0860796        0.998205
          0.001       0.0890952        0.998092
          0.001       0.0922165        0.997974
          0.001       0.0954471        0.997853
          0.001       0.0987909        0.997727
          0.001        0.102252        0.997596
          0.001        0.105834        0.997445
          0.001        0.109542        0.997289
          0.001        0.113379        0.997128
          0.001        0.117351         0.99696
          0.001        0.121463        0.996787
          0.001        0.125718        0.996587
          0.001        0.130122        0.996379
          0.001        0.134681        0.996165
          0.001        0.139399        0.995943
          0.001        0.144283        0.995713
          0.001        0.149337        0.995448
          0.001        0.154569        0.995174
          0.001        0.159984         0.99489
          0.001        0.165589        0.994597
          0.001         0.17139        0.994293
          0.001        0.177394        0.993943
          0.001        0.183609        0.993581
          0.001        0.190041        0.993206
          0.001        0.196699        0.992819
          0.001         0.20359        0.992417
          0.001        0.210722        0.991958
          0.001        0.218104        0.991482
          0.001        0.225745        0.990989
          0.001        0.233654        0.990479
          0.001         0.24184        0.989951
          0.001        0.250312        0.989348
          0.001        0.259081        0.988723
          0.001        0.268158        0.988076
          0.001        0.277552        0.987407
          0.001        0.287275        0.986714
          0.001         0.29734        0.985925
          0.001        0.307756        0.985109
          0.001        0.318538        0.984264
          0.001        0.329697        0.983389
          0.001        0.341248        0.982484
          0.001        0.353203        0.981456
          0.001        0.365576        0.980391
          0.001        0.378384         0.97929
          0.001         0.39164         0.97815
          0.001         0.40536         0.97697
          0.001        0.419561        0.975635
          0.001         0.43426        0.974255
          0.001        0.449473        0.972825
          0.001         0.46522        0.971346
          0.001        0.481518        0.969815
          0.001        0.498387         0.96809
          0.001        0.515847        0.966306
          0.001        0.533918        0.964458
          0.001        0.552623        0.962546
          0.001        0.571983        0.960567
          0.001        0.592022        0.958348
          0.001        0.612762        0.956052
          0.001        0.634229        0.953675
          0.001        0.656448        0.951215
          0.001        0.679445        0.948669
          0.001        0.703249        0.945834
          0.001        0.727885        0.942899
          0.001        0.753386        0.939862
          0.001        0.779779        0.936719
          0.001        0.807097        0.933465
          0.001        0.835372        0.929863
          0.001        0.864638        0.926134
          0.001        0.894929        0.922274
          0.001        0.926281        0.918279
          0.001        0.958732        0.914145
          0.001        0.992319        0.909598
          0.001         1.02708        0.904892
          0.001         1.06306        0.900021
          0.001         1.10031         0.89498
          0.001         1.13885        0.889762
          0.001         1.17875        0.884074
          0.001         1.22005        0.878187
          0.001         1.26279        0.872093
          0.001         1.30703        0.865786
          0.001         1.35282        0.859258
          0.001         1.40021        0.852224
          0.001         1.44927        0.844943
          0.001         1.50004        0.837407
          0.001         1.55259        0.829607
          0.001         1.60698        0.821534
          0.001         1.66328         0.81294
          0.001         1.72155        0.804045
          0.001         1.78186        0.794839
          0.001         1.84428         0.78531
          0.001         1.90889        0.775447
          0.001         1.97577        0.765121
          0.001         2.04499        0.754434
          0.001         2.11663        0.743372
          0.001         2.19078        0.731922
          0.001         2.26753        0.720072
          0.001         2.34697        0.707898
          0.001         2.42919        0.695298
          0.001         2.51429        0.682257
          0.001         2.60238        0.668758
          0.001         2.69355        0.654787
          0.001         2.78791        0.640802
          0.001         2.88558        0.626328
          0.001         2.98667        0.611346
          0.001          3.0913        0.595839
          0.001          3.1996        0.579789
          0.001         3.31169        0.564224
          0.001         3.42771        0.548113
          0.001         3.54779        0.531437
          0.001         3.67208        0.514178
          0.001         3.80073        0.496313
          0.001         3.93388        0.479681
          0.001         4.07169        0.462467
          0.001         4.21434        0.444649
          0.001         4.36198        0.426207
          0.001         4.51479        0.407119
          0.001         4.67296        0.390221
          0.001         4.83667        0.372731
          0.001         5.00611        0.354629
          0.001         5.18149        0.335892
          0.001         5.36302        0.316498
          0.001          5.5509        0.300398
          0.001         5.74536        0.283734
          0.001         5.94664        0.266486
          0.001         6.15497        0.248634
          0.001          6.3706        0.230157
          0.001         6.59378         0.21599
          0.001         6.82478        0.201327
          0.001         7.06388         0.18615
          0.001         7.31135        0.170441
          0.001         7.56748        0.154182
          0.001          7.8326        0.142866
          0.001           8.107        0.131154
          0.001         8.39101        0.119032
          0.001         8.68497        0.106485
          0.001         8.98924       0.0934978
          0.001         9.30416       0.0854392
          0.001         9.63011       0.0770982
          0.001         9.96748       0.0684651
          0.001         10.3167       0.0595295
          0.001         10.6781       0.0502809
          0.001         11.0522       0.0452689
          0.001         11.4394       0.0400812
          0.001         11.8401       0.0347118
          0.001         12.2549       0.0291542
          0.001         12.6843        0.023402
          0.001         13.1286        0.020748
          0.001         13.5886       0.0180011
          0.001         14.0646       0.0151579
          0.001         14.5573       0.0122151
          0.001         15.0673      0.00916927
          0.001         15.5952      0.00800602
          0.001         16.1415      0.00680202
          0.001          16.707      0.00555583
          0.001         17.2923      0.00426599
          0.001         17.8981      0.00293096
          0.001         18.5252      0.00252167
          0.001         19.1741      0.00209804
          0.001         19.8459      0.00165957
          0.001         20.5411      0.00120574
          0.001         21.2608     0.000736009
          0.001         22.0056     0.000617214
          0.001         22.7765     0.000494258
          0.001         23.5744     0.000366993
          0.001         24.4003      0.00023527
          0.001         25.2552     9.89369e-05
          0.001         26.1399     9.89369e-05
          0.001         27.0557     9.89369e-05
          0.001         28.0035     9.89369e-05
          0.001         28.9846     9.89369e-05
          0.001              30     9.89369e-05
